?
997911
1056176
1067202
956833
1030552
1097393
1099215


Shikha
1135050
1095407
1126071
1122712
984774
1135497
1083761
1078523
1023540
1001285
996787
1146613
1018963
1144483
1145306
1083780
1145794
1138478
1136941
1136573

Suyog
1145831
1135072
1135052
1135051
1111659
1132893
980065
1024019
1131692
1099996
1128291
1126476
1099622
1146508
1133707
1139868
1133672
1135055
1135057
1126363
1124609
1141812
1123494
1134068
1124936
1050438
1029520
1098238

Brian
1135070
1139870
1131591
1139881
1131535
1124924
1143046
1145198
1132115
1093739
1104814
1114063
1141319
1129462
1144572
1135606
1135069
1135605
1040013
1092895

Julie
1077359
1092894
1138837
1111746
1140655
1140648
1138838
1138469
1138366
1145296
1134053
1133708
1117431
1133660
1146265
1132556
1132331
1146236
1145840
1062382

Lucy
1143342
1136445
1128923
1138378
1138397
1138398
1127093
1127009
1126536