1054901
1110244
1114756
1117500
1119402
1122712
1132708
1134053
1142875
1026415
1030209
1052924
1087637
1121202
1058915
1060315
1077355
1083397
1098497
1103341
1111746
1120096
1057396
1075251
1128873
1129495
1131566
1131696
1133103
1052069
1079887
1087476
1117972
1118902
1038653
1045062
1058450
1068705
1073689
1085104
1028229
1034477
1035028
1061482
1081342
1083622
1092716
1093178
1094451
1097692
1098112
1114747
1115717
1126364
1129802
1138858
1119453
1004894
1098648
1126071
1135044
1135050
1122253
1018214
1054382
1071360
1072082
1080231
1100597
1072494
1077859
1091962
1102822
1106331
1077793
1102852
1025567
1045210
1110964
1110971
1029654
1045215
1068804
1069026
1072113
1086015
